0	0
0.065	0.0174119688881342
0.13	0.0476202576382916
0.195	0.0865452879491338
0.26	0.131408086638309
0.325	0.180315641394791
0.39	0.231978448731301
0.455	0.285214933450712
0.52	0.338981119879165
0.585	0.392402115084629
0.65	0.444770407413974
0.715	0.495528064512138
0.78	0.544243269729239
0.845	0.590591895136244
0.91	0.634342452384958
0.975	0.675342768585689
1.04	0.713507837427134
1.105	0.748808782420173
1.17	0.781263002910768
1.235	0.810925468583714
1.3	0.837881075580797
1.365	0.862237971858187
1.43	0.884121766780972
1.495	0.903670546588504
1.56	0.921030620713445
1.625	0.93635292674961
1.69	0.949790025324122
1.755	0.961493620176284
1.82	0.971612543068777
1.885	0.980291147545709
1.95	0.987668059921263
2.015	0.993875240186367
2.08	0.99903730971693
2.145	1.00327110671641
2.21	1.00668543419551
2.275	1.00938096895929
2.34	1.01145030352141
2.405	1.01297809608709
2.47	1.01404130673581
2.535	1.01470950069211
2.6	1.01504520210019
2.665	1.01510428402182
2.73	1.01493638246446
2.795	1.01458532412785
2.86	1.014089559243
2.925	1.01348259237823
2.99	1.01279340541719
3.055	1.0120468680826
3.12	1.01126413240259
3.185	1.01046300840358
3.25	1.00965831907814
3.315	1.0088622333291
3.38	1.00808457614335
3.445	1.0073331157111
3.51	1.00661382758801
3.575	1.0059311363087
3.64	1.00528813510806
3.705	1.00468678460068
3.77	1.00412809141445
3.835	1.00361226787966
3.9	1.00313887394518
3.965	1.00270694253367
4.03	1.00231508956398
4.095	1.0019616098639
4.16	1.00164456017536
4.225	1.00136183041958
4.29	1.00111120434448
4.355	1.00089041062402
4.42	1.00069716542049
4.485	1.00052920735843
4.55	1.00038432579456
4.615	1.0002603832023
4.68	1.00015533242469
4.745	1.00006722948521
4.81	0.999994242583761
4.875	0.999934657845203
4.94	0.999886882330903
5.005	0.999849444769583
5.07	0.999820994413263
5.135	0.999800298376833
5.2	0.999786237776058
5.265	0.999777802938585
5.33	0.999774087925662
5.395	0.999774284568789
5.46	0.999777676195178
5.525	0.999783631188616
5.59	0.999791596507957
5.655	0.999801091263736
5.72	0.999811700434247
5.785	0.999823068785581
5.85	0.999834895045434
5.915	0.999846926367762
5.98	0.999858953114439
6.045	0.999870803970763
6.11	0.999882341403807
6.175	0.999893457466038
6.24	0.999904069941283
6.305	0.999914118825714
6.37	0.999923563133095
6.435	1.01734209734173
6.5	1.04755485833094
6.565	1.086482935092
6.63	1.13134780899646
6.695	1.18025677737146
6.76	1.23192054765253
6.825	1.28515890492253
6.89	1.33892757100731
6.955	1.39235140219603
7.02	1.44472273425209
7.085	1.49548354331011
7.15	1.5442019588502
7.215	1.59055380083107
7.28	1.63430753398435
7.345	1.67531094668646
7.41	1.71347900235999
7.475	1.74878280175406
7.54	1.7812397275883
7.605	1.81090473805834
7.67	1.83786272218196
7.735	1.86222182448311
7.8	1.88410765397273
7.865	1.90365829905738
7.93	1.92102007336529
7.995	1.93634392028313
8.06	1.94978240745369
8.125	1.9614872465314
8.19	1.97160727781609
8.255	1.98028686377538
8.32	1.98766463983501
8.385	1.99387257512085
8.45	1.99903530003202
8.515	2.00326966157477
8.58	2.00668447125634
8.645	2.00938041400638
8.71	2.01145009004278
8.775	2.01297816482104
8.84	2.01404160519603
8.905	2.0147099826825
8.97	2.01504582722821
9.035	2.01510501721748
9.1	2.01493719351101
9.165	2.01458618720861
9.23	2.01409045250788
9.295	2.01348349753263
9.36	2.01279430733499
9.425	2.01204775444446
9.49	2.01126499336006
9.555	2.01046383626913
9.62	2.00965910804086
9.685	2.00886297919538
9.75	2.00808527610178
9.815	2.00733376812046
9.88	2.00661443178722
9.945	2.00593169244738
10.01	2.00528864399646
10.075	2.00468724757752
10.14	2.00412851023133
10.205	2.00361264460061
10.27	2.00313921086011
10.335	2.00270724208438
10.4	2.00231535428148
10.465	2.00196184231589
10.53	2.00164476292281
10.595	2.00136200598128
10.66	2.00111135516868
10.725	2.00089053906628
10.79	2.00069727372684
10.855	2.00052929765326
10.92	2.00038440007237
10.985	2.00026044332287
11.05	2.00015538011106
11.115	2.00006726632394
11.18	1.99999427002714
11.245	1.99993467721498
11.31	1.99988689482318
11.375	1.99984945146062
11.44	1.99982099626594
11.505	1.99980029624757
11.57	1.99978623242198
11.635	1.9997777950248
11.7	1.99977407803255
11.765	1.99977427319913
11.83	1.99977766378115
11.895	1.99978361809846
11.96	1.9997915830524
12.025	1.99980107770202
12.09	1.99981168697983
12.155	1.99982305561143
12.22	1.99983488228894
12.285	1.99984691413526
12.35	1.99985894148536
12.415	1.9998707930014
12.48	1.99988233113075
12.545	1.99989344790922
12.61	1.99990406110675
12.675	1.99991411070807
12.74	1.99992355571767
12.805	1.98252040238745
12.87	1.95232028843029
12.935	1.91340279207076
13	1.8685468956014
13.065	1.81964562782341
13.13	1.76798851451136
13.195	1.71475715756985
13.26	1.66099556261143
13.325	1.6075786547198
13.39	1.5552139790487
13.455	1.50445950207703
13.52	1.45574707459953
13.585	1.40940085821856
13.65	1.36565237408817
13.715	1.32465382672514
13.78	1.28649025265151
13.845	1.25119055697685
13.91	1.21873736726588
13.975	1.18907573896158
14.04	1.1621207992327
14.105	1.13776442161436
14.17	1.11588101643786
14.235	1.09633251541102
14.3	1.07897262536141
14.365	1.06365042334364
14.43	1.05021336185167
14.495	1.03850974883088
14.56	1.02839076286171
14.625	1.01971205949842
14.69	1.01233502037739
14.755	1.00612769240604
14.82	1.00096546014797
14.885	0.996731490470288
14.95	0.993316984649947
15.015	0.990621269468129
15.08	0.988551755372654
15.145	0.987023786566681
15.21	0.985960404892451
15.275	0.985292046621802
15.34	0.984956188737745
15.405	0.984896958987832
15.47	0.985064721902459
15.535	0.985415651090056
15.6	0.985911296435715
15.665	0.986518153328421
15.73	0.987207239712711
15.795	0.987953685590908
15.86	0.988736338579558
15.925	0.989537388236305
15.99	0.990342011109038
16.055	0.991138037806327
16.12	0.991915642835893
16.185	0.992667057495681
16.25	0.993386305720208
16.315	0.994068962474019
16.38	0.994711934035852
16.445	0.995313259323565
16.51	0.995871931263791
16.575	0.996387737105172
16.64	0.996861116503784
16.705	0.997293036168781
16.77	0.997684879840412
16.835	0.998038352377153
16.9	0.998355396750026
16.965	0.998638122776713
17.03	0.99888874647313
17.095	0.999109538952919
17.16	0.999302783863877
17.225	0.999470742412609
17.29	0.999615625093236
17.355	0.999739569301367
17.42	0.999844622079739
17.485	0.999932727305988
17.55	1.0000057166953
17.615	1.00006530405049
17.68	1.00011308224925
17.745	1.00015052251205
17.81	1.00017897554509
17.875	1.00019967419969
17.94	1.0002137373333
18.005	1.00022217459757
18.07	1.00022589191589
18.135	1.00022569744591
18.2	1.00022230785343
18.265	1.00021635475098
18.33	1.00020839117872
18.395	1.00019889802735
18.46	1.00018829032167
18.525	1.00017692330009
18.59	1.00016509824052
18.655	1.00015306799545
18.72	1.00014104221005
18.785	1.00012919220643
18.85	1.00011765552511
18.915	1.0001065401213
18.98	1.00009592821878
19.045	1.00008587982882
19.11	1.00007643594484
19.175	0.982657902028908
19.24	0.952445141238982
19.305	0.913517064613578
19.37	0.868652190801425
19.435	0.819743222489208
19.5	0.768079452250803
19.565	0.71484109502073
19.63	0.66107242897113
19.695	0.607648597811799
19.76	0.55527726577946
19.825	0.504516456740112
19.89	0.455798041214462
19.955	0.409446199244399
20.02	0.365692466098817
20.085	0.324689053401745
20.15	0.286520997730978
20.215	0.251217198337794
20.28	0.218760272502893
20.345	0.189095262030921
20.41	0.162137277904373
20.475	0.137778175599514
20.54	0.11589234610561
20.605	0.0963417010162525
20.67	0.0789799267033627
20.735	0.0636560797804026
20.8	0.0502175926046611
20.865	0.038512753521809
20.93	0.0283927222320713
20.995	0.0197131362678992
21.06	0.0123353602035687
21.125	0.0061274249132697
21.19	0.000964699997882151
21.255	-0.00326966154881633
