0    1.8817
0.0450    1.8817
0.0900    1.8817
0.1350    1.8817
0.1800    1.8816
0.2250    1.8816
0.2700    1.8815
0.3150    1.8814
0.3600    1.8812
0.4050    1.8811
0.4500    1.8808
0.4950    1.8805
0.5400    1.8801
0.5850    1.8796
0.6300    1.8790
0.6750    1.8784
0.7200    1.8775
0.7650    1.8765
0.8100    1.8753
0.8550    1.8739
0.9000    1.8721
0.9450    1.8702
0.9900    1.8678
1.0350    1.8652
1.0800    1.8620
1.1250    1.8585
1.1700    1.8543
1.2150    1.8498
1.2600    1.8444
1.3050    1.8385
1.3500    1.8316
1.3950    1.8242
1.4400    1.8156
1.4850    1.8064
1.5300    1.7958
1.5750    1.7846
1.6200    1.7717
1.6650    1.7582
1.7100    1.7428
1.7550    1.7267
1.8000    1.7086
1.8450    1.6899
1.8900    1.6688
1.9350    1.6471
1.9800    1.6229
2.0250    1.5982
2.0700    1.5708
2.1150    1.5429
2.1600    1.5122
2.2050    1.4813
2.2500    1.4473
2.2950    1.4133
2.3400    1.3761
2.3850    1.3391
2.4300    1.2989
2.4750    1.2591
2.5200    1.2162
2.5650    1.1739
2.6100    1.1285
2.6550    1.0840
2.7000    1.0366
2.7450    0.9903
2.7900    0.9412
2.8350    0.8936
2.8800    0.8433
2.9250    0.7948
2.9700    0.7439
3.0150    0.6950
3.0600    0.6440
3.1050    0.5953
3.1500    0.5446
3.1950    0.4966
3.2400    0.4469
3.2850    0.4000
3.3300    0.3517
3.3750    0.3063
3.4200    0.2599
3.4650    0.2165
3.5100    0.1723
3.5550    0.1312
3.6000    0.0895
3.6450    0.0510
3.6900    0.0122
3.7350   -0.0236
3.7800   -0.0594
3.8250   -0.0923
3.8700   -0.1251
3.9150   -0.1549
3.9600   -0.1846
4.0050   -0.2115
4.0500   -0.2380
4.0950   -0.2620
4.1400   -0.2856
4.1850   -0.3067
4.2300   -0.3274
4.2750   -0.3459
4.3200   -0.3638
4.3650   -0.3798
4.4100   -0.3953
4.4550   -0.4090
4.5000   -0.4222
4.5450   -0.4338
4.5900   -0.4449
4.6350   -0.4546
4.6800   -0.4639
4.7250   -0.4720
4.7700   -0.4797
4.8150   -0.4864
4.8600   -0.4927
4.9050   -0.4981
4.9500   -0.5032
4.9950   -0.5076
5.0400   -0.5117
5.0850   -0.5152
5.1300   -0.5184
5.1750   -0.5211
5.2200   -0.5237
5.2650   -0.5258
5.3100   -0.5277
5.3550   -0.5293
5.4000   -0.5308
5.4450   -0.5320
5.4900   -0.5330
5.5350   -0.5339
5.5800   -0.5346
5.6250   -0.5351
5.6700   -0.5356
5.7150   -0.5360
5.7600   -0.5362
5.8050   -0.5364
5.8500   -0.5365
5.8950   -0.5366
5.9400   -0.5366
5.9850   -0.5366
