0    1.8817
0.0450    1.8817
0.0900    1.8817
0.1350    1.8816
0.1800    1.8815
0.2250    1.8812
0.2700    1.8810
0.3150    1.8806
0.3600    1.8802
0.4050    1.8797
0.4500    1.8792
0.4950    1.8785
0.5400    1.8778
0.5850    1.8770
0.6300    1.8761
0.6750    1.8751
0.7200    1.8740
0.7650    1.8727
0.8100    1.8713
0.8550    1.8696
0.9000    1.8677
0.9450    1.8655
0.9900    1.8631
1.0350    1.8602
1.0800    1.8570
1.1250    1.8533
1.1700    1.8491
1.2150    1.8444
1.2600    1.8390
1.3050    1.8330
1.3500    1.8262
1.3950    1.8187
1.4400    1.8103
1.4850    1.8009
1.5300    1.7906
1.5750    1.7792
1.6200    1.7667
1.6650    1.7531
1.7100    1.7383
1.7550    1.7222
1.8000    1.7048
1.8450    1.6860
1.8900    1.6659
1.9350    1.6443
1.9800    1.6213
2.0250    1.5968
2.0700    1.5708
2.1150    1.5432
2.1600    1.5142
2.2050    1.4836
2.2500    1.4514
2.2950    1.4178
2.3400    1.3826
2.3850    1.3459
2.4300    1.3078
2.4750    1.2682
2.5200    1.2273
2.5650    1.1850
2.6100    1.1415
2.6550    1.0969
2.7000    1.0511
2.7450    1.0044
2.7900    0.9568
2.8350    0.9083
2.8800    0.8592
2.9250    0.8096
2.9700    0.7595
3.0150    0.7091
3.0600    0.6586
3.1050    0.6081
3.1500    0.5576
3.1950    0.5075
3.2400    0.4578
3.2850    0.4087
3.3300    0.3603
3.3750    0.3129
3.4200    0.2665
3.4650    0.2212
3.5100    0.1772
3.5550    0.1346
3.6000    0.0934
3.6450    0.0537
3.6900    0.0156
3.7350   -0.0209
3.7800   -0.0559
3.8250   -0.0893
3.8700   -0.1210
3.9150   -0.1512
3.9600   -0.1798
4.0050   -0.2069
4.0500   -0.2326
4.0950   -0.2567
4.1400   -0.2795
4.1850   -0.3009
4.2300   -0.3209
4.2750   -0.3397
4.3200   -0.3573
4.3650   -0.3737
4.4100   -0.3889
4.4550   -0.4030
4.5000   -0.4161
4.5450   -0.4283
4.5900   -0.4394
4.6350   -0.4497
4.6800   -0.4591
4.7250   -0.4677
4.7700   -0.4756
4.8150   -0.4827
4.8600   -0.4892
4.9050   -0.4950
4.9500   -0.5003
4.9950   -0.5050
5.0400   -0.5093
5.0850   -0.5130
5.1300   -0.5164
5.1750   -0.5193
5.2200   -0.5219
5.2650   -0.5242
5.3100   -0.5262
5.3550   -0.5279
5.4000   -0.5294
5.4450   -0.5306
5.4900   -0.5317
5.5350   -0.5326
5.5800   -0.5334
5.6250   -0.5340
5.6700   -0.5345
5.7150   -0.5348
5.7600   -0.5350
5.8050   -0.5350
5.8500   -0.5349
5.8950   -0.5346
5.9400   -0.5341
5.9850   -0.5333
