0    0.0750
0.0450    0.0750
0.0900    0.0752
0.1350    0.0755
0.1800    0.0761
0.2250    0.0770
0.2700    0.0785
0.3150    0.0804
0.3600    0.0830
0.4050    0.0862
0.4500    0.0902
0.4950    0.0949
0.5400    0.1006
0.5850    0.1071
0.6300    0.1147
0.6750    0.1231
0.7200    0.1328
0.7650    0.1432
0.8100    0.1553
0.8550    0.1679
0.9000    0.1823
0.9450    0.1972
0.9900    0.2140
1.0350    0.2313
1.0800    0.2506
1.1250    0.2703
1.1700    0.2921
1.2150    0.3142
1.2600    0.3384
1.3050    0.3628
1.3500    0.3894
1.3950    0.4160
1.4400    0.4448
1.4850    0.4735
1.5300    0.5044
1.5750    0.5349
1.6200    0.5677
1.6650    0.5998
1.7100    0.6341
1.7550    0.6675
1.8000    0.7031
1.8450    0.7375
1.8900    0.7739
1.9350    0.8089
1.9800    0.8457
2.0250    0.8809
2.0700    0.9177
2.1150    0.9526
2.1600    0.9889
2.2050    1.0231
2.2500    1.0583
2.2950    1.0913
2.3400    1.1250
2.3850    1.1563
2.4300    1.1879
2.4750    1.2171
2.5200    1.2462
2.5650    1.2728
2.6100    1.2990
2.6550    1.3226
2.7000    1.3455
2.7450    1.3657
2.7900    1.3850
2.8350    1.4017
2.8800    1.4172
2.9250    1.4300
2.9700    1.4415
3.0150    1.4505
3.0600    1.4578
3.1050    1.4629
3.1500    1.4662
3.1950    1.4674
3.2400    1.4668
3.2850    1.4643
3.3300    1.4599
3.3750    1.4539
3.4200    1.4460
3.4650    1.4369
3.5100    1.4258
3.5550    1.4138
3.6000    1.3999
3.6450    1.3854
3.6900    1.3692
3.7350    1.3526
3.7800    1.3344
3.8250    1.3162
3.8700    1.2965
3.9150    1.2770
3.9600    1.2563
4.0050    1.2360
4.0500    1.2146
4.0950    1.1940
4.1400    1.1723
4.1850    1.1516
4.2300    1.1301
4.2750    1.1096
4.3200    1.0886
4.3650    1.0687
4.4100    1.0483
4.4550    1.0293
4.5000    1.0099
4.5450    0.9919
4.5900    0.9737
4.6350    0.9569
4.6800    0.9401
4.7250    0.9246
4.7700    0.9091
4.8150    0.8951
4.8600    0.8811
4.9050    0.8685
4.9500    0.8562
4.9950    0.8451
5.0400    0.8342
5.0850    0.8246
5.1300    0.8153
5.1750    0.8072
5.2200    0.7994
5.2650    0.7926
5.3100    0.7863
5.3550    0.7808
5.4000    0.7758
5.4450    0.7716
5.4900    0.7678
5.5350    0.7647
5.5800    0.7619
5.6250    0.7598
5.6700    0.7580
5.7150    0.7567
5.7600    0.7557
5.8050    0.7550
5.8500    0.7545
5.8950    0.7543
5.9400    0.7542
5.9850    0.7542
