0    0.0750
0.0450    0.0748
0.0900    0.0757
0.1350    0.0777
0.1800    0.0807
0.2250    0.0844
0.2700    0.0887
0.3150    0.0936
0.3600    0.0990
0.4050    0.1050
0.4500    0.1114
0.4950    0.1182
0.5400    0.1255
0.5850    0.1333
0.6300    0.1416
0.6750    0.1506
0.7200    0.1602
0.7650    0.1706
0.8100    0.1818
0.8550    0.1939
0.9000    0.2070
0.9450    0.2211
0.9900    0.2363
1.0350    0.2526
1.0800    0.2701
1.1250    0.2887
1.1700    0.3086
1.2150    0.3297
1.2600    0.3520
1.3050    0.3755
1.3500    0.4002
1.3950    0.4260
1.4400    0.4529
1.4850    0.4809
1.5300    0.5100
1.5750    0.5400
1.6200    0.5709
1.6650    0.6026
1.7100    0.6351
1.7550    0.6683
1.8000    0.7020
1.8450    0.7363
1.8900    0.7709
1.9350    0.8059
1.9800    0.8411
2.0250    0.8763
2.0700    0.9116
2.1150    0.9467
2.1600    0.9815
2.2050    1.0161
2.2500    1.0501
2.2950    1.0835
2.3400    1.1163
2.3850    1.1481
2.4300    1.1791
2.4750    1.2089
2.5200    1.2375
2.5650    1.2648
2.6100    1.2907
2.6550    1.3150
2.7000    1.3377
2.7450    1.3587
2.7900    1.3779
2.8350    1.3952
2.8800    1.4105
2.9250    1.4239
2.9700    1.4352
3.0150    1.4445
3.0600    1.4517
3.1050    1.4569
3.1500    1.4600
3.1950    1.4611
3.2400    1.4603
3.2850    1.4575
3.3300    1.4531
3.3750    1.4469
3.4200    1.4391
3.4650    1.4299
3.5100    1.4193
3.5550    1.4075
3.6000    1.3946
3.6450    1.3808
3.6900    1.3660
3.7350    1.3505
3.7800    1.3343
3.8250    1.3176
3.8700    1.3004
3.9150    1.2827
3.9600    1.2648
4.0050    1.2466
4.0500    1.2283
4.0950    1.2098
4.1400    1.1912
4.1850    1.1726
4.2300    1.1540
4.2750    1.1355
4.3200    1.1170
4.3650    1.0988
4.4100    1.0807
4.4550    1.0629
4.5000    1.0453
4.5450    1.0281
4.5900    1.0112
4.6350    0.9947
4.6800    0.9786
4.7250    0.9631
4.7700    0.9480
4.8150    0.9334
4.8600    0.9195
4.9050    0.9061
4.9500    0.8933
4.9950    0.8811
5.0400    0.8696
5.0850    0.8588
5.1300    0.8486
5.1750    0.8390
5.2200    0.8302
5.2650    0.8219
5.3100    0.8144
5.3550    0.8074
5.4000    0.8011
5.4450    0.7953
5.4900    0.7902
5.5350    0.7855
5.5800    0.7813
5.6250    0.7776
5.6700    0.7743
5.7150    0.7714
5.7600    0.7689
5.8050    0.7666
5.8500    0.7646
5.8950    0.7627
5.9400    0.7610
5.9850    0.7594
